-0.617571622575;
-2.29161019158;
1.32207590756;
-0.922660989412;
-0.383515619477;
-0.766111019242;
0.551654515741;
-0.395392807579;
1.55424195953;
0.487289699891;
0.097833945385;
0.440976892624;
1.28393615592;
-0.843519779148;
-0.87378698388;
0.762504485198;
-1.68256892393;
1.10579867508;
0.509395084837;
0.783099866574;
1.73603632713;
0.676150963626;
0.905785848682;
0.131017050742;
0.612409643502;
0.769140912275;
-0.092580315457;
-1.54197397949;
1.23498463678;
-0.342557238252;
1.84180501169;
-0.597449697243;
-1.32615084704;
-0.468223867751;
0.596307900916;
0.190198343525;
1.22482917143;
-0.487397391438;
0.286553884366;
0.43846075403;
0.0471260106154;
-0.151680183492;
1.04915503313;
0.602231765461;
-0.289572544986;
-0.228700242117;
-0.0917618269802;
0.0718332858083;
0.233049330704;
-0.100631116475;
0.184744356465;
0.369134923513;
-1.03640245811;
-0.312468919654;
-0.530568758868;
0.689493511699;
-0.537653841978;
0.506802305905;
0.294935279796;
1.64880526216;
0.739166145805;
1.07669452251;
-1.56558680692;
0.427871616342;
0.944072038642;
-0.254170584174;
0.117932862791;
1.41182503019;
-0.187753980691;
-1.03604490947;
1.54316657084;
0.918673853795;
1.04316284173;
0.102768737923;
2.08630867024;
0.333957868645;
0.874773761583;
0.930711888122;
-0.431781756885;
-0.823133480373;
-0.19475401632;
0.348355711314;
-0.610238603058;
0.469289868728;
-0.742967122394;
2.90921311138;
-0.66056311965;
-1.19218213865;
-1.06933083526;
-0.0281701150804;
1.20733221223;
1.19299186269;
0.321869238067;
-0.625985649297;
-1.11145624769;
0.0578295553086;
-0.980686578288;
-0.671247852125;
0.0986272097204;
0.731092319094;
