0.377777916781;
0.743349774406;
-0.23370307249;
0.260325697606;
-0.735291433011;
-0.705515950361;
-1.0801921819;
-0.204040365589;
0.305529972619;
-0.102672648079;
0.0229746822089;
2.82141318245;
-1.09647005121;
-0.0558623194784;
-0.723728544854;
-0.532736852705;
-0.46064599156;
-1.60391571609;
-0.967200364491;
0.256945353945;
-0.179363620785;
-2.32074350538;
0.211973902126;
-0.387318587676;
1.61036012009;
-0.115110521866;
-1.21014572712;
0.3563490438;
-0.422047963681;
-2.00833731628;
0.238737118038;
-2.21293380691;
-1.80448459441;
1.67639792877;
-0.290936121591;
-0.0294343293523;
-1.36751718503;
0.351317787072;
1.17586439714;
-0.706294686165;
-2.44439889425;
-0.290637214909;
1.30222549492;
0.880128737848;
-0.188743021182;
-0.375107309581;
-0.256794360737;
-1.13026118459;
0.604547331666;
0.896762616795;
-1.03620343367;
-0.575446823057;
0.483526333625;
0.264104879162;
0.726750244749;
-0.237757710357;
-0.0540128060058;
-0.240767121625;
0.613591873066;
-0.354725139337;
-0.849962535532;
2.02525684384;
-0.353329051481;
-0.0415360402867;
0.935392478482;
-0.278006726541;
0.657178582146;
0.488849515177;
-0.570469913964;
-0.0135714952073;
0.128349634901;
0.171401412415;
0.891321701911;
0.143054088852;
-0.618512769429;
-1.40214055323;
-0.893857602849;
-1.43274971723;
0.677848402861;
0.794882118704;
1.43393382661;
-0.970041994263;
-1.59868767237;
-0.417747911629;
0.520325002864;
0.499586486053;
-1.00629036559;
-0.680884508209;
1.2071559035;
-1.16797105508;
1.59613314634;
1.1770787119;
0.465414549901;
-1.64875699098;
-1.0147762144;
-0.717660556091;
1.08690449223;
1.67918963493;
0.497535402426;
-0.61869861006;
