1.30675978123;
-1.16794876549;
-0.751929469836;
0.713645784601;
0.542781929259;
0.881574306334;
0.404102240399;
-0.412890083346;
-0.0670952876447;
0.666714339103;
1.43975769325;
-1.45306445125;
0.892530914546;
-1.76041317001;
1.62342913985;
-0.196015947388;
-0.474156262685;
1.64770464631;
0.511737582839;
0.462644563565;
-0.463358532761;
-0.749975004142;
-0.777412411061;
-0.777478162545;
-0.0841594407769;
0.808681913138;
1.33945851934;
-1.23348848164;
0.11541296466;
0.171561699332;
0.682933641154;
1.05660437013;
-0.288727255159;
0.266030986882;
-2.68229818547;
-1.2688708065;
-1.05523603961;
0.781237563412;
0.472771423919;
1.16108496048;
0.00828356006359;
0.626534374102;
-1.76159295646;
-1.52450356204;
0.294885483931;
0.52395759305;
0.229839012633;
-1.44775643787;
-0.891770010314;
0.63111327301;
1.25270038564;
-1.44184554071;
0.30892173868;
-0.158089066092;
-1.87067511852;
-0.642901699062;
0.292850019752;
-1.13726392306;
-0.800560198675;
-1.01304626323;
0.0845549160394;
1.26145810434;
-0.459441142604;
0.739377594818;
2.31218056804;
0.100092097257;
1.42654972858;
-0.03900286169;
-0.343977675224;
-0.300555266336;
2.24860463796;
-0.247609323887;
-0.0833042911573;
-0.54932944202;
0.847530446725;
-0.393921646261;
1.71396198181;
-0.33665366555;
-0.640988759887;
-0.605959361162;
-0.558192427203;
-2.01953333704;
0.306230047637;
-0.56690884916;
-0.285522164922;
-0.70354746824;
-1.15648811728;
-1.05296478544;
1.2614185086;
0.179990764784;
-2.41797022397;
0.731339700488;
0.684877021559;
1.46591074303;
-1.0174541126;
1.04591230323;
-1.67071726493;
-1.09343299582;
1.52794777239;
-1.22639678677;
