1.25913134873;
1.27001304717;
0.429255146821;
0.816434044397;
1.39186204025;
-0.115168027156;
-0.394898583611;
-1.44993182756;
-0.591957271582;
0.963451108845;
0.313660227386;
-0.0860411494563;
-1.19490184561;
0.595774722619;
1.43677326343;
1.65743093456;
-0.616847254897;
-0.797669582467;
-0.566629651839;
-0.0721364050953;
0.174879780787;
0.341237422097;
-0.239651792491;
-0.0268756450625;
0.442837218885;
-0.278383327673;
1.2163838644;
1.40155522326;
0.375290922508;
-0.016749132999;
0.557719433595;
1.81996699739;
-1.73806442759;
0.584406723635;
-0.228992669346;
-0.508623779637;
0.689172221672;
1.07707077141;
0.780960747852;
-2.1589704076;
-0.116310809218;
0.454712023312;
-1.63972007927;
-0.904650096879;
0.347127552038;
1.05113754478;
0.870220604931;
0.97499738202;
0.00735834440077;
1.46756784884;
-0.524525508054;
0.307898966452;
-0.819252437489;
-0.250802609561;
1.0420339295;
0.0663409956396;
0.25819843975;
0.821387165525;
1.82348279537;
-1.30711321922;
1.65177931673;
-0.183278493338;
-0.0547769993439;
0.776379911722;
0.0947563278682;
1.74036480256;
0.308314465075;
-0.0217897619755;
-0.145419704233;
-0.811518593409;
1.17974078215;
2.29279955132;
-0.342399345393;
-0.878939970471;
0.422598430001;
0.509712856317;
0.193473668014;
-1.91944049056;
1.88360577394;
0.915613833037;
0.393980239109;
0.892635545718;
1.55984684531;
-0.431921617222;
-0.81958544043;
-0.367391072333;
1.14873480953;
0.302058143199;
0.33495500515;
-0.903578070995;
0.676186104161;
-0.266017250616;
1.72391899368;
0.565798661845;
-0.104628304407;
0.845874688429;
-0.337058154958;
-0.697812765061;
-0.614821405621;
0.105090316992;
