-1.06175162271;
-1.38440388002;
0.953490368354;
1.04487426572;
0.541063392386;
1.06695439058;
-0.0346725618646;
1.53526430961;
-0.340433511923;
-1.24528691615;
-0.885470877928;
-1.02915943439;
0.22751713272;
0.318459201118;
0.13005141585;
-1.01148620712;
-0.223172209285;
0.446929400881;
-2.00309924495;
-0.114860291982;
0.153336081902;
-0.629314674277;
-0.184781269605;
0.334232376283;
-0.341620956223;
-0.294407778941;
-0.918349871553;
0.123421904665;
-0.00994142471082;
0.941631796627;
2.25594030977;
-1.9093776511;
1.39208726852;
-0.419450846872;
1.15998278453;
-0.918106425304;
1.16856883761;
-2.2863607163;
1.69458635418;
-2.16710358168;
-0.436300487598;
-0.420361217721;
-0.289277385257;
0.10225806112;
0.852850204531;
-0.411612766236;
-0.304636042126;
0.76281795505;
0.213087753277;
0.633535172793;
0.173647013385;
0.265711657162;
-0.531489015883;
-1.83879213855;
0.430033473914;
0.357639714742;
-1.22137791375;
1.15287062968;
0.0409730367873;
0.178528501604;
1.43404824671;
-0.481084220924;
-0.727393697269;
1.33489023695;
0.724284043979;
-1.26802716104;
0.220579154412;
-0.881875069979;
-1.44795953897;
-0.433990303252;
-0.858306030741;
-0.467923202527;
0.0519985213075;
-0.787059390258;
1.08263275889;
-0.535540672741;
0.779689161088;
-1.17217082679;
1.26571812988;
-0.181437778072;
2.15278744345;
1.1132909217;
-1.24741761503;
0.71480953348;
-0.0422212801034;
0.794966368614;
-0.528721235151;
-0.687058797042;
-0.173985828145;
-0.671540572481;
1.53956537929;
-1.65888807659;
-0.132482058179;
0.110300284945;
2.39551972102;
0.856439386366;
0.236216620554;
-0.311774030916;
0.954276996784;
1.59048379463;
