-0.521531869568;
0.929702998535;
-0.668356911524;
0.431162558283;
-0.21214757346;
0.59835522595;
1.69833346008;
1.7767146505;
-0.793039204224;
0.658935668102;
0.594333248917;
-0.083372240225;
-0.543965068279;
0.0787834207281;
1.29173812831;
-0.177217590352;
-1.22271899792;
0.997483336562;
-0.864402939685;
-0.580873115271;
0.0776983154912;
-0.51400118731;
1.01734824072;
0.110240449315;
-1.00137237095;
-0.949030091422;
-0.805583019653;
1.04050270921;
-0.514638178047;
-0.166582518669;
1.71177812352;
-0.195584002332;
-0.830185802928;
-2.92170742475;
-0.0969441201513;
-1.33666367277;
0.214569846667;
-0.628185932633;
-0.813815576264;
-0.464334108275;
-0.0123560515646;
-0.392726412464;
0.234477049536;
-1.01041994496;
-0.441901437151;
0.59619484128;
-0.122667925755;
0.912395605414;
-0.408433498861;
-1.63733062672;
0.0243537897558;
0.230579892996;
-0.663448550336;
1.49702693324;
0.622579937709;
0.862116336767;
0.748862883116;
-0.833055694671;
-0.658987304749;
-0.625407260947;
-0.0685567635994;
-1.83484437773;
-1.846681221;
-1.04820240204;
0.368376350852;
0.329425005107;
1.24190793756;
0.0723405492025;
-0.559622421985;
0.876316089908;
0.262018385602;
-1.31393004141;
-0.559995635628;
0.857600256591;
0.819998071513;
-0.762282124272;
0.845919374979;
0.0302808903254;
0.788896909732;
0.610966246283;
0.863420349405;
-0.830312770795;
0.0261240609588;
0.554204253093;
1.50142770934;
-0.470584752086;
0.909444727933;
0.0782113315437;
0.0835656905823;
0.172517152917;
-1.12319226981;
0.414933144682;
-1.27327827409;
0.168802964832;
1.05382228486;
-0.635563084305;
0.119683330813;
-0.100068794724;
0.0912108473434;
-0.242599613687;
