2.01912964811;
-0.229017597469;
-0.747787303164;
1.48089816039;
0.336607454491;
1.12030055531;
0.584087509979;
-0.381689555221;
1.22990113225;
1.87918652425;
-1.13662481921;
0.538158674403;
-0.0137253221898;
1.29381919295;
-0.0717651778093;
-1.20228916977;
0.832771665751;
0.439623065281;
-0.0801254265922;
0.987447786327;
-1.77437375386;
0.770842464798;
-0.999500400433;
-0.468575811646;
-1.76977969629;
0.81225084306;
-0.693644681637;
-0.128100339973;
-1.26988917229;
-0.223286057089;
0.623371946464;
-0.962154777904;
-1.16512438668;
0.278815461387;
-0.0465145210438;
0.634875056241;
-0.415940396563;
-1.34206262117;
-1.2519251248;
-0.234509081537;
-0.232547239244;
2.29251275319;
-0.385479146613;
0.489134552198;
1.41206739462;
-1.41299626734;
-1.21785048311;
0.978053774144;
1.23197018799;
0.259810661267;
2.79290057745;
-1.17277421139;
2.57602868606;
0.0770887875217;
1.33458230866;
-2.59061366373;
-0.318515840958;
0.938391667069;
-1.17195967265;
0.245118479698;
-0.360176243302;
0.41473329072;
2.30421430325;
2.05277808274;
-0.759464509749;
0.928025104001;
0.340459795698;
-0.0758144617212;
-0.932492417749;
-0.273804985125;
-0.780217340465;
-0.160832816505;
-0.734738792011;
1.36439995692;
-0.599357713942;
-0.642731285649;
-0.281079016472;
-0.315173921425;
-1.43916335205;
-0.396383490917;
-0.665811492862;
-0.590123140658;
-0.104152251338;
-0.889492314719;
0.629556419488;
1.41162308865;
1.37120637669;
0.809217749376;
-0.0113500972148;
0.0362867007614;
-0.850310737042;
-0.402306226876;
-0.0630621647857;
2.81928131822;
-0.0791075016866;
-0.262083871618;
-0.776926450856;
-0.0885343664864;
-0.764817050457;
-1.71353203535;
