0.34542475113;
-0.422198110146;
-1.15229931845;
-1.38135439008;
-0.313731076742;
-0.914400069382;
-0.713148217306;
0.15373517454;
-1.30961262166;
1.41508517315;
-0.622204278178;
0.0938386540386;
-1.12857523185;
-0.594743270087;
1.25179314034;
-0.0358820309452;
0.406814485382;
1.48862512854;
0.556812995163;
-0.460610068005;
-1.29215020079;
-0.311576795368;
0.384867531476;
-0.73640020852;
-0.454889270594;
0.0987856478919;
-2.16467839985;
0.757427783746;
0.688565080239;
1.20089885917;
0.980999718988;
0.620161091354;
0.907629394948;
-1.73349283849;
0.730809758411;
-0.704840225412;
-0.379756681168;
0.548502437534;
-0.299647549106;
-0.401044780046;
-0.771609067679;
-0.0796344597134;
-0.0110948882081;
0.675171379413;
1.22879175304;
-0.640290899626;
0.402438262527;
-0.365050318493;
-0.0212160495594;
-0.415156117811;
1.95562609445;
0.803273986473;
0.563244400105;
0.346693521646;
0.80113726737;
0.235868285989;
-0.920792882496;
1.29617012336;
1.09887560649;
-0.766572455027;
0.641326634422;
-2.31874963422;
-1.00050433353;
0.447520501449;
-1.21327406443;
-0.872247382604;
0.0258710452076;
0.634222184457;
-2.02389770314;
-0.643493685431;
-0.53426504521;
0.313494086506;
0.468727495031;
0.913511567437;
1.20961708746;
-0.617672978577;
-0.405231691393;
-1.15376300616;
-1.80949223359;
-0.386593979326;
1.6795968932;
-0.0724337488535;
-0.0242736752863;
0.0962395529966;
0.921542732307;
-0.83502855776;
-0.760789504964;
1.60224745145;
-1.26745401957;
0.411184903918;
1.9637871008;
0.880524815023;
-0.866133770416;
0.57730990728;
0.478979373301;
0.983751256983;
0.409507920535;
-2.11556435143;
-0.253141418217;
-1.08662219442;
