1.55461314848;
0.564112244689;
-0.526073529615;
1.20437289826;
-0.688051239896;
-0.112283615114;
0.118594087085;
-0.703574193209;
-0.499778325293;
2.30565085057;
1.22416170237;
-0.418865522243;
0.919283629431;
-0.421004752678;
-0.565000012264;
1.59774754131;
-0.0769213845333;
0.138371750156;
2.02814435322;
-0.63295122877;
-2.79450555701;
-0.125454386237;
0.834717637552;
0.316563365108;
0.995181762829;
1.91214717316;
1.07715507608;
1.66802469205;
0.158233408916;
-0.401590139155;
-0.69764723404;
-1.05555895878;
-0.294656344998;
0.878265598488;
-0.519544714627;
1.67904350562;
-0.906388104516;
0.103850648482;
-1.63301532291;
0.362997645796;
-0.363400314592;
-0.136731724322;
0.767774164145;
0.140074523828;
1.24945976839;
-0.928011672434;
-0.298120624539;
0.556791187243;
1.06938140116;
0.353338547719;
-1.12970787292;
-0.252194246054;
-1.83980982453;
0.238568854153;
-0.200910610697;
0.930225389018;
-0.349397447885;
2.05428116173;
0.80466636452;
0.180904282909;
-0.188039665282;
-1.06059198971;
0.546853863512;
-1.99271120751;
0.195698925966;
-0.235968350066;
-1.62610330295;
1.06757290117;
0.561823728989;
0.714382659956;
-0.362978873154;
-0.598934566717;
1.00272492797;
-0.685758738784;
1.10956246178;
-0.388841876913;
0.190931059018;
0.982741343903;
-0.670933830474;
-1.09055235298;
0.520463469346;
-0.170441115099;
-0.257983932615;
0.240245353021;
-0.571349694782;
-0.819559613493;
-0.692947996598;
-1.28318178873;
-0.599807837858;
0.806781670087;
0.621414099074;
-1.18434576316;
0.507493915583;
-0.218771341191;
0.59736027672;
1.99174958791;
-0.326114623683;
1.0380772231;
0.361809268667;
-1.04467444008;
