-0.0767130971038;
0.824052654501;
-0.268618728686;
0.25497098173;
0.0642134516526;
-0.616557287616;
-1.68092605381;
0.681646304799;
-1.47995740334;
-0.253122225131;
-1.26852190318;
0.227630281035;
0.592935602191;
-1.17292845452;
-0.339678820665;
-1.30747106654;
-2.32600202217;
-1.89304581112;
-1.67041322957;
-1.1300513361;
0.4924042262;
-0.495571601239;
-0.447281819999;
1.37192839021;
0.27791083785;
0.510502845951;
0.281490010775;
-1.63993324412;
0.964610730566;
1.13106356387;
1.04214474894;
-0.209341456626;
0.966176414191;
0.446176200187;
-0.442902064578;
0.694165449618;
0.813777704684;
1.64028470517;
-0.73090785369;
-0.259914422133;
0.0504891421941;
0.62695574714;
-0.0145590325366;
-0.372833702857;
0.0582582504448;
-0.364081872501;
-2.15916185829;
0.635941197929;
-0.652026723968;
2.15517130934;
-0.314884809179;
0.125155769901;
1.8151652104;
-0.590792851836;
-0.571706301402;
0.865196662517;
-0.285901617831;
-0.641914984893;
-1.11942771692;
1.34898531407;
0.345024589272;
-0.196155305675;
-1.2268278639;
0.432737443002;
-1.1743195634;
-0.352973216119;
0.816783301636;
1.382586186;
0.261408314026;
1.36800667881;
-0.102196631485;
0.991336134672;
-1.13639295797;
0.51584088922;
1.35348770673;
-0.417556732793;
-1.27356860399;
-0.498283412399;
-0.507904639089;
-0.64928242958;
-1.44155688629;
0.926249678671;
0.419046845385;
2.07538953287;
0.769677161352;
-0.806622066445;
-1.28681333824;
0.624516691425;
0.28920940722;
0.70510349978;
-0.773677262921;
-0.205236594711;
-0.114023766843;
-0.267351605926;
-0.348969895823;
0.599870233338;
0.695560435154;
0.576478499083;
1.13804130616;
0.193879099611;
