-0.358913565381;
0.25984388583;
-0.404857765773;
0.392672826131;
0.713453997239;
-1.38846691766;
0.0545372362191;
-1.07009720128;
0.346071575118;
-0.434314246672;
0.354782878597;
-1.13652967555;
0.907529181024;
0.595140452029;
0.213882711048;
0.635731544395;
0.332934933546;
-0.346906513006;
-0.00719287574167;
0.235968506224;
0.849517520537;
-0.00725381863423;
0.637597372607;
-0.14456206934;
-0.831690983684;
0.606160072498;
-0.462260556655;
0.475066146493;
1.03339225654;
-1.014035804;
0.489337156898;
0.104106962161;
-1.06125470563;
0.206941348132;
-1.80390119027;
-0.902029926273;
2.30143077616;
-1.12557988216;
-0.277240614415;
-0.868894129934;
-0.192657830238;
0.259040336429;
0.902241631431;
-0.522763374953;
0.366248988068;
0.990798957968;
1.05674856264;
-0.283858877102;
-0.12353769149;
-0.871046621897;
-0.383938595984;
0.194785395854;
-0.154464527681;
1.27622520717;
-0.574237484352;
-1.51006045167;
0.817972507415;
1.26456883709;
-0.268026896;
-0.885589396491;
1.30571087124;
0.85811783733;
0.0435722951737;
-0.209173072345;
-0.328959700307;
-0.159978578366;
-0.797912759957;
0.934022995311;
0.249245463209;
0.214532954097;
-0.134654713661;
-1.14268350828;
0.343405379936;
-0.104364063784;
0.833175670539;
-0.611076452525;
0.0655434622216;
-0.498273969251;
-0.108873250998;
0.397767024215;
0.141364512353;
-0.107290609977;
-2.27518015965;
-0.0707984953299;
0.384375565482;
-1.86189372131;
0.0143504881923;
0.160098725321;
-0.716257206194;
1.60769430963;
1.13874369276;
-0.942880239459;
0.750149460098;
0.745759721303;
0.578031762804;
-0.826122464536;
-0.295337650538;
0.791967125118;
-0.905730848271;
2.01833401443;
