0.304839159793;
-0.770486076598;
1.27525715406;
0.821931742975;
-2.62448484366;
0.981493702887;
-0.173598466818;
0.209968587617;
0.458263680276;
1.38872497535;
0.966701402234;
0.373646881568;
-0.209410834619;
-0.815814914393;
0.158870881421;
-0.831152653712;
-0.598770230629;
-1.12955561691;
2.06204052215;
0.753531306779;
-0.443373249136;
-0.113222622485;
0.83093785192;
0.999842153679;
0.038255715219;
-0.40872484218;
0.578061449931;
-1.32055880713;
-1.63747667876;
-0.693143885303;
0.0473053983327;
0.598834957735;
0.769397589253;
-0.633078747722;
-0.495232572167;
0.817469397406;
0.446456001254;
0.784801847413;
-2.02015435433;
1.02544147857;
0.197509935361;
0.538703192438;
1.86837379805;
0.885736951819;
0.374255314653;
1.39034030665;
1.76089424041;
0.67213924608;
-1.28865069363;
0.603520794433;
1.27144300211;
-0.591841878703;
-0.0468440092936;
0.219614503592;
-0.370007810137;
1.33108888787;
-1.5051220475;
2.22088816045;
-1.93460033785;
-0.773885780307;
1.42824948983;
-0.871256767263;
1.52336920407;
0.4588058785;
1.04945412505;
0.511290081841;
0.537537469387;
-0.543854458643;
0.731830809461;
1.31480813566;
-0.0897884216098;
0.242583469092;
-1.12358277242;
-0.401921950222;
-0.296039334651;
0.0978575534002;
-1.45911203216;
-1.84999289358;
-1.60887638801;
-1.44165735278;
-1.46447805358;
0.44361262176;
-0.584525036061;
-1.86395797284;
-0.175666874209;
-0.48611514086;
-0.556677991977;
-1.25351054003;
0.400205372576;
-1.09108157584;
-0.482719501454;
-0.123669269623;
0.387380478828;
0.240704023208;
-0.665340100875;
-1.59831264054;
1.49925929155;
-0.32185483419;
-2.04498307869;
1.24221878144;
