-1.28453164289;
1.17639240575;
0.359082863165;
0.412335476819;
-0.688665687319;
-0.156384764695;
0.791518718772;
-1.46329524812;
1.0319666259;
0.979132074887;
-0.774621434464;
0.190278391787;
1.71499734995;
1.12437795848;
-1.15552338548;
-0.188005329249;
0.381859417474;
0.0771317101646;
2.08361031233;
-0.781108085117;
-2.11600652589;
-0.612889248924;
-0.398471526341;
-0.568885824518;
-1.63887320411;
0.61493524819;
1.74716369621;
-0.686190314001;
-1.15186984536;
-1.15369694064;
-0.0648618471197;
1.07135041028;
0.440118814785;
0.207524605796;
0.14135180527;
0.00948636676733;
0.459002801706;
0.369490846428;
-0.658280981549;
-0.0676696048996;
0.2699406095;
-0.0647461871536;
-1.65860021379;
-0.219442940634;
-1.53326202415;
-0.137237124045;
-0.521569650359;
0.551991348287;
-1.71534784228;
1.71421678128;
-2.66124100372;
0.538560370193;
-0.128161725336;
-0.833095203643;
-1.3158882521;
-0.571854436601;
-1.96556357355;
-1.05221176325;
0.378339249811;
-1.22687542669;
0.2176847012;
1.46937453628;
1.84294408861;
0.449243839648;
1.23824069929;
-1.73637631141;
0.0258091706478;
1.42339414888;
0.0362271053523;
-0.485950462897;
-0.835663534734;
-1.03789185359;
-0.185078772389;
-0.639921934626;
0.747137836427;
0.653884173196;
-0.173818640862;
-0.0793157402593;
0.82293374929;
1.41881205189;
1.56288832047;
0.290558904659;
-0.864161778603;
-0.395874381139;
0.506324685283;
-1.02280045371;
-1.36705844031;
1.24480609547;
0.121625316112;
-0.2014612452;
0.10885254811;
-0.916034529977;
-2.4064101795;
1.04915947366;
-0.900583123622;
-0.610733118536;
0.23999414563;
0.597776787879;
0.10567048805;
1.5190793744;
