0.44046262746;
1.27064762801;
0.256980358258;
-1.3414242503;
0.409866277819;
-0.830897344764;
0.0586158260934;
-1.37316424536;
1.30060281383;
-2.35770664599;
0.0660758108568;
-0.716796939099;
0.0398103593683;
-0.840640520552;
-0.54296141296;
0.603260844159;
-0.234857420813;
-0.369328418525;
0.26056024922;
-1.89772860311;
0.400608988849;
0.722424595151;
2.98017263341;
1.37438411384;
0.875440419479;
-0.216634685454;
0.852899738898;
2.08135080754;
0.391316827397;
1.70311222509;
1.63621335209;
-0.0209551846846;
-1.02558907283;
-0.205804691235;
-0.297952718544;
0.484807329652;
1.47457829585;
-0.750677086253;
-0.819047444551;
0.136633437728;
0.0747949914451;
0.809932999561;
0.010505071659;
-0.810310286087;
0.0496993394877;
1.74587467833;
0.461358896777;
1.99109518999;
-0.187406774508;
0.651536014976;
1.76130703146;
1.55317637483;
0.247514605275;
-0.262616270372;
-0.558783278218;
-0.519792693102;
1.83328444659;
1.38150196588;
0.0530551591844;
-0.172811919267;
0.931266339392;
-0.295929798761;
0.1259304331;
-0.604381718829;
0.441438562662;
0.573117848741;
-1.40083528716;
0.896380804779;
-0.337656877219;
-1.14586227075;
-0.981133844814;
-0.150728247768;
2.0620022067;
0.235154587605;
2.2513821405;
0.365284284101;
0.950580213883;
1.37117194957;
-1.34233267853;
0.134584332919;
-1.25104461109;
0.346773745718;
0.730080733557;
0.266180586825;
1.64112343687;
0.800568816915;
0.327345382269;
0.572551030171;
-1.56782298092;
-2.06221739491;
-0.580381954277;
0.629283499314;
0.871394151402;
0.120195839183;
1.89884957605;
1.28501652194;
0.69868138902;
1.09492764153;
-0.773703112748;
1.95835057964;
