0.134060555865;
0.335616239514;
0.464298082841;
1.28731538799;
-0.0978719802985;
2.11159970595;
1.1661822745;
2.06222059207;
1.10974571131;
0.104080763091;
0.278048273584;
0.536324526199;
-1.07881253024;
1.92592878466;
-0.646479678093;
0.231748097399;
1.75765729896;
2.35820132162;
-0.120566960873;
0.297840699699;
0.568751063494;
-2.00545869432;
2.17583000019;
-0.999111579494;
1.22652808829;
1.03686518453;
-0.684102099244;
-1.28729338264;
0.481757967048;
1.92960366516;
0.0394667140625;
0.877956526942;
0.357503290455;
-1.09919512403;
-0.0680415060324;
-0.508774041235;
0.478959737636;
-0.885441369894;
1.7702102112;
0.69870021695;
-0.00374347245919;
-0.315813761287;
-0.424756836053;
0.255893299482;
1.20359017832;
0.525204390584;
0.863938440442;
-0.192756644464;
2.50057208434;
1.20512171578;
-0.470017817902;
-0.508581341883;
0.383599096411;
-0.687478654702;
1.73240166554;
0.130387524687;
-1.53700212999;
-0.443265406127;
-0.638070272864;
-0.66067416413;
0.394565264469;
1.35264757129;
-0.590066553216;
0.325848622253;
-0.183617779667;
1.30214226119;
-0.132615434751;
-2.07985852077;
-1.05289482445;
-1.89485897966;
0.279191232628;
-0.788825327823;
2.0368786833;
-1.37757103353;
-1.78986977203;
0.391971959915;
-2.85295050493;
-0.936443299909;
1.51535612727;
-0.294061440791;
0.29310563882;
-0.524369927005;
1.00590205608;
-1.00772823787;
-0.285481733069;
-0.984821470115;
-1.08707709159;
0.444115854;
0.199104625365;
-0.354833800195;
-1.06551661537;
-1.91756387008;
-1.36530908735;
-2.55003183327;
0.654573551876;
0.285829513048;
-1.3429341366;
0.431572421257;
-0.728645639;
-0.0290366439688;
