-0.588426723356;
0.127949599128;
-0.749325069626;
0.337339891635;
-1.57005197073;
-0.0181173274228;
1.05764779207;
0.467646965063;
0.307173802553;
0.351596108475;
-1.04848054368;
-1.09699601298;
-0.521551012742;
-0.806363086498;
-1.11580371848;
-2.05589366731;
0.400310144627;
-1.05720817661;
-0.638461048122;
-0.127590099106;
0.307720493443;
-0.65047057012;
0.224275852075;
-1.37523837283;
0.0356106151378;
0.370644178933;
0.155769538235;
0.565818777646;
1.40559382167;
1.02527724545;
1.82603019019;
1.19524075939;
1.78175572561;
-0.189611153577;
1.56559807747;
0.262733170643;
-0.147585815858;
-0.300305987739;
0.418676174245;
-0.420925632779;
-0.693651012438;
0.959037647841;
-0.282790005502;
-0.299790795331;
0.119351025809;
-0.611858561307;
0.975820048548;
-0.800304027537;
1.00000198807;
-1.09130962868;
-0.0971418879573;
0.363754269544;
0.416012099997;
-1.11899375026;
0.745769455018;
0.160686024188;
0.57475790007;
-0.485656615305;
-0.624202038749;
0.177035104796;
0.158617366644;
-1.38603328391;
-0.320604644214;
-0.50570024891;
0.626500356091;
2.65068262457;
-0.0417618319028;
0.359776867198;
-0.584268496737;
-0.618816828973;
0.0680901664099;
1.18738323109;
0.638894359661;
-2.09387439921;
-0.853330713057;
-0.943257710385;
1.14378640843;
0.100145901675;
0.850146789208;
0.722736666044;
1.3784795852;
-0.457158692705;
-0.431781282678;
0.773183701094;
0.397114798167;
-0.718497003714;
1.54687122883;
0.111297753947;
-0.174573134722;
0.931029024925;
-0.0697990170486;
-1.07985016835;
-0.667379811934;
0.709673454739;
1.20777528907;
1.34230759013;
1.16882555258;
-1.4595647259;
-0.952490744279;
0.209400875275;
