-0.328147668553;0.466731631241;-1.87116040069;0.569534725464;0.218167043023;-0.251942995633;-0.0894589345116;-0.766232826829;-2.17918890671;-0.682409004061;-0.762698898668;-1.17350803595;0.916427717689;-0.829350097606;0.8923205062;-0.569007674822;
-0.0487009172672;0.780666941812;0.469671181096;1.29180421186;0.743407287095;0.278247595473;1.18854174632;-0.826718812543;0.440827944657;0.353506709602;-0.47059301729;-0.784808510232;0.180647971738;-0.678020522189;0.682273820797;0.541650164193;
1.31065469571;-0.675267862364;0.864328272079;-0.674339411306;-1.70689915733;-0.270548419884;1.5102935571;-1.65253030429;-2.44896977616;-2.04695112812;0.647060007748;-0.467088531034;0.631616432913;2.57819473571;-0.56352714069;1.65647177905;
0.504846286256;1.04894807012;0.92162034717;-1.49809408412;0.690944600407;1.15420596433;0.615645384035;1.27444066756;1.21204372869;0.978724563876;-0.2239328944;0.424674241011;0.782590520454;2.29185026365;-0.917207305793;1.54262122245;
0.565680423646;0.208831858536;-1.33390286939;0.770745903162;-0.696405401463;-1.69578968037;-0.0550799949955;-0.952531989059;-1.01429669549;-0.117706243675;-0.893472366773;0.246765179764;0.613075124171;1.19263182293;-1.39885473532;-0.651515150201;
0.146736418951;-1.26698187037;-1.17157224127;-0.434169601262;-0.532209223105;-0.292214922661;-0.851508977669;-0.30967814872;-1.18671702075;0.708484658659;0.919412536388;0.697123331247;-0.516272569422;0.0863040011315;0.0149514614321;-0.0169429397159;
-0.12796812617;1.10560183512;0.832265955593;-0.747730750538;0.200835333253;0.435713598875;-0.833523191961;-1.3702667366;0.498951069899;-0.49960617557;2.0485249942;1.21070526154;1.51836470614;-0.187206487756;-1.04261433265;-0.621192731688;
-1.55369774403;1.29921896807;1.07223871347;0.0996115365454;0.97482758657;-0.981092845304;0.449383054936;-0.298485291218;-0.108572376156;-0.419576479628;0.070374580482;-0.698852733447;1.40325695862;-2.52497913135;-1.33813490996;-0.631677233695;
0.51503195284;-0.21433566192;0.949652373873;1.67003817911;-0.789056819759;-0.230443595387;-0.24795397769;0.255706662623;-1.24643515104;0.87472393603;-1.35107322912;-0.895292161826;1.6889331618;-1.75456212476;-0.029497275481;1.08910502838;
1.54557362323;-0.46850734409;-0.120652689711;-1.34092184161;0.952847150034;0.413346175851;-0.540899515734;-0.147372532437;-0.605789049726;1.6664188129;1.25537585904;1.45322427809;1.40393642717;-1.14436981856;1.92652604006;1.63627301708;
2.1176035206;0.414532550123;0.56602653113;0.533693211485;0.413883891677;1.0470831425;-0.240517714348;0.152044997775;-0.562494877391;0.907280339743;-0.536349248196;-0.335578402238;-2.16230001323;-1.22127061707;0.336292650492;-0.119894372802;
2.14245376003;1.626137635;0.372397149098;0.147863748342;-0.217170225939;0.298314806658;-0.199027228581;0.565318869007;-0.869838135132;-0.709686303563;2.1993886035;-0.956962761571;0.739676393247;-0.699859508484;0.510488722709;-0.518146919639;
-2.09801098601;0.481231489152;1.49200594915;0.378983667326;-1.81490452553;-0.744415451072;1.70489634221;0.103233943632;0.392197261429;-0.241978762967;2.02473149256;-0.13720469395;-0.785929465657;1.0087935903;0.118892434115;-1.00317086293;
-0.520442232887;1.5009904925;-0.934411202264;0.00995417003089;-0.984871491836;-0.122153951787;1.05396533218;1.52768264597;-0.105111337715;0.10616548633;0.499152159944;-0.820673684948;1.18512917213;0.800384147618;-0.339221651348;-1.20861727461;
0.102539586394;-1.12062731709;-0.116292591223;-0.714538195725;-1.10184127232;-0.410406365648;-1.01904396989;-0.205963933707;-0.376369184221;1.58176090352;-0.751358288555;0.0512119647629;-1.55893306444;-1.15926247116;-1.9038765642;-0.66682778851;
0.647660158891;-1.8073397302;-0.850212864782;-1.39623055906;0.543430234502;0.734666379573;-0.789331390584;0.0206637787437;-0.246179661825;-1.33106190198;-0.292487815924;0.0352608584672;0.0910176295418;0.461665562364;0.881169639133;-2.35668147276;
-1.81442849278;-1.28578069857;0.723979148029;0.399471725146;-1.59402640402;-1.82937523668;-0.0873546475881;-0.836405553472;0.266642326376;1.1163996321;0.954278557364;0.0421801475416;0.0506108353299;0.00254446328628;-1.89599170151;-1.11710897323;
-0.28236177476;-0.230551561676;-1.51161649753;-0.442707276034;0.380444533078;-0.582973852158;-1.34432563968;0.916074154779;-1.01313388118;-0.959265891273;0.268374968422;0.768255179843;1.09714709098;0.664925832901;-0.686451811899;-0.0620753140357;
0.0574520901452;-0.116946596056;-0.0518458700245;-1.52404135393;-0.616848788121;-0.79579587726;-1.13219790374;0.409970777357;-1.00993557747;-0.179619075868;0.695003513169;1.35158086715;0.901248828995;1.29875656746;0.307457408098;0.449799176534;
-1.07237728281;1.20177241703;0.756827292627;0.0759399107845;-1.40610929134;1.20599621418;-0.0140743017385;-0.400446480909;1.11438545032;1.0348905953;-1.39782782811;-0.756779092486;-0.0759004599187;0.98934379981;1.00847066035;-1.31228931787;
0.704240886236;-2.09608399052;-1.06620481133;0.909601235325;0.944876145778;1.76582466892;-1.84464678032;0.930488003638;0.577540772874;-1.07653093522;-0.26625532836;-0.493789639925;-0.173487240228;0.20470339554;1.17343752864;0.187179681245;
0.75498871652;0.158509928689;0.782902211276;-0.466275816044;0.171866004544;1.11128362773;-0.51543377781;0.105547408149;-0.476676430484;1.39890987231;-2.35461013989;1.30653396148;-1.66365331723;-1.01163639025;0.356823312111;-2.99930378249;
-0.650861082212;-0.287522904851;-1.75792497365;-0.173974306106;0.500143101178;1.26213484717;-2.80288464044;0.824158730893;-0.139309884434;-0.194183231439;0.903299041009;1.26929640899;1.28327494415;-0.79972411103;-0.272277128112;0.773781409681;
1.27579085632;0.410114423334;-1.69720493868;-0.0107317306844;0.654354691836;-0.088904518848;0.307058130513;-0.321948625751;1.1670082908;-1.29319258285;0.726841327731;-0.354109751859;1.11679640321;0.928401046466;-0.836419863225;1.80206872665;
2.24474102414;-1.07070428731;-1.1589410273;-0.301839223897;0.847091217531;1.5517080176;-0.717162346447;-1.17969872439;-1.46403556358;0.0324638567105;1.43565160037;1.13887387873;0.803916795291;0.0621845869871;1.04206693503;-0.534645857458;
0.910486822028;-0.289144599408;0.793035652024;0.351501391716;0.182088631443;0.500870901344;0.516848204935;-0.813656340747;-0.500423656432;0.987279800602;0.0688337575577;1.95035947259;-0.412938789962;-0.511662901842;-0.479402987781;2.0755418547;
0.744090585781;0.444010335407;0.484567258408;-0.193610456794;0.719899991927;0.837270199062;-0.0903601069491;-0.234965156217;0.509858568818;-1.31503037065;-1.21076039803;-0.657890461853;0.36471599218;1.62461977109;1.30667904025;1.19926805048;
0.135252248348;-1.16049070069;0.579594990929;-0.647632565917;-0.673576457753;-0.234971094479;-0.846816610543;-0.0933344895745;0.243326384403;-0.699781843688;-1.84924965124;-0.520075398041;-0.0561406322024;0.764064185975;0.712210795004;-0.130466807743;
0.481332388969;0.8686866882;-0.780521204238;0.284416441899;0.0345192378167;-1.56741019586;0.173578057919;0.649337202156;-1.20357409756;1.10442539012;0.338328448072;-0.407186916471;1.16035895587;0.876331063061;0.885229259415;-0.185715040034;
-1.68558201558;-0.667393904932;0.112138231166;-1.38151631269;-0.176669484711;0.490658824187;0.447304806115;-1.1718913965;-0.345032785741;0.102711664974;0.538637055558;-0.28997892681;1.47392281286;0.809109647237;-0.586699100038;2.08857106231;
2.42043656571;-0.525039277948;-0.00756644377792;0.445452701158;0.257805003942;1.04411471377;-0.0851328440103;-1.73711124181;-0.82468265216;-0.687024440815;0.428977934412;1.20106034832;0.722361005562;0.0904571235914;-0.773439372249;-1.47197942737;
-0.732458710982;1.76788577874;1.17187828987;0.340162432803;0.0920446891497;0.689907119041;-0.163813977171;-2.36547679627;0.250154504231;-0.647549037255;-0.118574585404;-0.887652288464;-1.81207969455;0.725380426043;-1.29611077749;0.136454981085;
-1.24900046061;-1.02659820762;1.14148474301;1.22377053122;0.310876308396;-2.45318609821;-0.515766969766;-0.270748584412;-0.839446012618;0.0962841379126;-0.0803793044454;-1.29557593737;0.260692872516;-0.660309493427;1.0306203358;-1.00013481122;
-1.04543615766;-0.798307793614;-0.146633911811;0.187949114597;-0.902305477466;0.243473028338;-0.687421930916;-1.27067020318;0.459258131334;-0.221835827914;-0.652047393961;0.477000027326;-1.39784160342;-0.730139685554;-0.406419450526;0.842456887322;
0.102784067434;0.0866955243623;-0.560635417607;-2.68048592386;-0.291536419801;-0.721589594237;-0.189018147259;-0.500230444318;-0.0168920687885;-0.585996264927;2.61631677221;1.83946615266;1.17660111407;-0.197824781829;1.84953851589;0.16151588947;
0.558720716954;2.0466245235;-0.0793903539114;-0.627461941314;0.338989017155;-1.68278010415;-1.20146163357;-0.868086841649;-0.316677521371;-0.115329808373;1.77890609039;0.544347646166;-0.582363255364;-1.34636663427;-1.52738852785;1.57636036627;
1.67556670289;-2.12003705274;-1.23329094399;-0.129297623704;-0.13891266798;0.822333398751;-0.917540791248;1.08500996836;0.690117005297;-0.85645364336;1.1209585219;1.92919006001;0.655713684767;1.02891366613;0.313505006717;0.277305380403;
0.255223064024;-0.450636652963;0.618856823653;-0.992042473677;0.630509459469;-0.562565287863;0.0553880555286;0.563555122759;2.05241715358;-0.122176806449;0.793747382675;1.41121910714;-1.20192447044;0.306459730394;-1.00738736808;-1.54201342285;
0.831335058739;1.44132252132;-0.752276106511;-0.990110846671;0.365066356603;-1.55099979581;-0.48849512196;0.846819620385;0.797089242346;-1.7680404351;2.33597833061;1.4351539986;1.90217985337;1.10633850559;-2.65601083842;-0.691326004828;
-0.685608491431;-0.645977852615;-0.324704161441;-0.57547300888;1.47789440871;-0.657884917399;-2.06879213316;0.398906541213;0.338478279105;-2.07595372518;-0.340484330883;-0.350891953017;0.574077555489;-0.0284067211035;2.0857917181;0.040258336387;
-0.354114825887;0.258739454085;-1.6431104195;0.102298378878;0.441959756814;-0.248730811074;-1.38299603162;0.0317454462263;0.528525794557;-1.17055617351;-0.00562205062625;-0.233279652233;-0.00891380744354;-1.28600756804;0.601588708487;-0.614884745369;
-1.08917003228;0.363769645711;0.793979680847;-0.400413376822;-1.70882959953;0.285040279946;-0.260089489524;0.673995769975;0.032748489001;-0.529915578285;0.308992855225;-0.411073420378;1.26593431255;0.607085394606;1.23600946608;0.38593469647;
-1.46884429077;-0.60846121373;1.40407119048;-0.0635843450248;0.00259717799322;-0.785550095034;-0.612554242114;0.184338362761;0.0700105861431;-1.1142258095;0.669565544844;1.30859101455;-0.235540995467;0.093572840702;-0.556473006078;0.787955215844;
-0.755216600911;-0.21506596149;-0.311126098643;0.487777412532;0.235073195234;0.359629995368;-0.0298840701988;-1.40240478892;0.863637282124;-0.798046340093;2.50356319511;1.36716345514;-0.842661255219;-1.96258759587;0.722886849009;0.0807960877623;
1.2180437956;-0.870393028324;0.206517873718;-0.0308825123778;2.11067677735;-1.03253828856;1.6930521262;0.0186572557086;0.184234786897;1.91961451168;-0.059837293099;1.00648658675;-1.14653993003;-0.736731644644;1.77438572971;0.690398595836;
-0.606423691043;-0.489448438402;-0.664658609479;-0.720807845303;0.152871173068;0.434220734165;-1.53213749627;0.962764606713;-0.316038492957;1.99088945116;-1.46368775447;-1.25941941482;0.820105217925;0.60713771381;0.148053488081;-0.706383188025;
0.420570366464;0.264400383487;-0.346201952387;1.27437474642;0.569171288631;-0.729621118046;-0.912363158609;0.668179757542;2.44204387892;1.0062515025;0.568046800444;0.668667442238;0.189230131576;0.374138372981;-0.83169491655;-0.0274335196854;
0.169286157163;-0.971070593983;-1.30924822112;1.23941626582;0.643695920012;-0.944054671685;1.04586392602;0.589327438417;0.666274021914;-0.352476925286;-0.811852327038;1.52660174019;0.640595943469;0.773810611273;1.37099170619;-0.993413258735;
1.12449732032;1.238353546;0.101529488925;0.339062527514;-1.3921825726;0.760309743551;-0.511094637812;0.167628491625;-0.490327867264;1.1050884988;0.841046338695;0.6279886333;-1.71645998;-2.43103025059;-0.104524084879;-0.89312049592;
0.948500977432;0.622287801842;-0.663159079419;-1.32785256639;0.438899128679;0.699267586332;-0.600260593606;-1.62347411042;1.17769469239;0.816317771197;0.724069499443;0.583019938669;0.469696213892;0.449203330235;-0.0296289082843;-1.16013452158;
0.0923048518787;0.769309977483;-0.969384831966;1.89283446;-0.342742726067;-0.463037946362;-1.5537892059;0.165201064697;0.0996427123241;-0.397190814061;-1.11734844079;-0.585608319004;-0.644859336637;1.9527807845;0.562871749773;1.12594655928;
-1.71876525781;0.37684438646;1.55581117511;0.438596708385;-0.442915341044;0.670263605418;1.60365646846;0.216349486413;0.459001996536;-1.5493587292;0.787980273826;-0.973061011487;-0.923968812372;0.210871223147;0.149762174411;1.49648888765;
0.492170456835;-1.71708156972;1.55897705691;0.403766346804;-0.644759740924;-0.745353154982;-1.30402234161;-1.54374063719;-0.84707008668;0.0505758394584;0.217167126059;-0.111923771689;-0.282044071324;-3.09735116576;0.222616210048;0.6318047475;
0.278589227887;-0.268460410774;-0.00458977936525;0.30560649592;-0.250473898771;0.505655417666;-0.442596998722;0.0231447472104;-0.0862852915275;0.255708705115;-1.48087567852;-0.587514512374;0.367953841003;-0.240747121692;-1.42200584171;-0.356177331137;
0.492313851225;0.915110640929;-0.0920706769881;-0.443983391758;0.02335908684;-0.186461449282;0.122409469665;1.20369963077;-0.663243054485;-1.15751057257;-1.91486561671;-0.414050148472;1.47873892622;-0.660332307667;1.27865199736;1.33112049448;
0.548185331561;-0.622861360113;-1.76916869177;2.12262617802;0.300392630316;0.822338993922;-0.401771952671;0.217431118381;0.069579165353;0.0878429801566;-1.07797416174;-1.70590618006;-2.38435262228;-0.481383060658;0.850346997392;1.36279481413;
-0.785835498145;-0.75860831813;-1.29889969356;0.00301207740298;0.411427430746;-0.0350491987925;1.44695867314;-0.236537295394;-1.74531664385;-1.60632588583;0.562247331909;-0.135083571224;0.278979827922;0.851460332636;0.838505577819;-1.80496881246;
-1.21014769544;-0.84495648972;1.32028370156;-0.97957081461;1.31821964288;0.309628295808;-0.430406484511;0.634868910496;1.26836143347;0.193151817465;-0.990728202873;0.428017319891;1.23737906201;-0.353118472288;-0.155993795614;0.232731974764;
1.31991161851;-1.40560069511;-0.959049981155;0.482391915189;1.16511310165;-1.80605460797;0.928843391393;-0.130307588753;-1.47226571694;1.10524411928;0.239159957461;0.219103114502;0.223584393626;0.39388003994;1.45619862582;1.12231929994;
0.804170737247;1.2736934114;-0.538433341961;-0.267437412643;0.494930199667;-1.56446498631;-1.64521650958;0.55988475044;0.798822556204;1.15058806267;-1.37128244783;0.597643699557;-0.999914783996;-0.0298881962178;0.521212561909;0.147463116755;
-0.443411069118;0.123776586506;0.284292311687;-0.13357257566;0.167858242799;-0.90562538159;-0.398946625359;-0.424273293852;0.720661026807;1.74004916333;-0.809216408429;-1.01773117086;0.404711353402;-1.44109256386;-0.715217984742;0.175465637958;
0.666971426114;1.46868208715;-0.55480771571;-1.33269123269;0.479991181042;-0.553157118612;-0.226764895324;-0.22902553842;-1.84687043599;-0.285592934394;-1.67530770878;0.69225545838;-0.329351213706;1.70611762959;-2.81259960671;0.735516138072;
0.121518605721;-0.439270716087;-0.840122158404;-0.48732444712;0.424756938329;1.26708151541;-0.485255169755;0.737524099049;-0.287966291902;-0.906174817491;0.599156327143;-0.75798521519;-1.93118692588;1.1032796922;-1.52132912548;2.0241730117;
0.387425373203;-0.295133310374;0.731133648285;-0.175143087064;-0.403888499011;-0.737577339524;-0.710788784406;0.484975361145;0.310834428618;-1.7208677016;-0.843313935073;0.778410237108;-0.944593860906;0.0561770482216;-0.910669554447;-1.13536404481;
0.165787992453;0.362493886376;-0.594034364024;0.772406646022;0.530906991439;1.02638515962;-0.120433876934;-2.318429367;0.757262254715;1.69465935895;-0.112350859539;-1.01625522829;-0.406027003885;0.131184185025;-0.0351528680808;-0.523227496835;
-0.625428802204;-0.557420671856;2.02649981778;0.628947163901;1.57868504758;0.557069802744;0.937401379237;-1.25310871341;0.0795008207671;0.2944236972;-0.806716499832;1.02119652074;1.63439661399;0.839466562958;-1.16719922004;-0.407598582187;
1.06735598029;0.37094713101;1.54594636688;-0.00842050764091;0.768296774567;0.688325457664;0.233049378015;-1.00593280177;0.0155480555066;-0.827223086717;0.520990365289;-1.11996651757;1.12712081098;0.0196392055262;-0.184697243942;0.689740397893;
-0.968171249864;0.446240276933;0.441304345164;0.127168993983;-0.400029553853;-0.137463066687;0.757032688703;-1.13966330665;-1.00127412206;-0.39461962161;-0.633413093455;-1.11635635647;-0.391575087063;1.70540401643;0.549889875431;-0.6288575454;
1.26888243175;-1.75038534058;-0.445904465469;1.01985021485;-0.161901359614;-0.253701997268;0.549618284987;-0.0584691861243;-1.00387616492;-1.0081565191;1.11378567386;-0.614794960536;1.64314318182;-0.344693675895;0.285201995598;0.0713609305184;
0.313354341632;0.0031892328917;1.48669505161;0.230356684161;1.01153473557;0.715683538505;0.0935140976708;0.580520049431;-1.66377360148;-1.56379267819;0.603893175903;-0.951912752563;-0.587100236176;-1.04273620122;1.8583274422;0.579235008545;
1.08127776457;0.0595906264765;1.24185509169;-1.47144068116;0.421028260459;0.0766624368675;0.112688093543;1.23896994231;-0.192102765506;-1.29986768832;-1.49737159287;0.236448168812;1.44954843405;-1.01970605446;1.21660815927;0.918674516022;
-0.108712032377;-0.991869312157;-1.57919656887;0.0751755720348;0.794099796692;1.03447206467;-0.0286627843301;-0.178584158907;0.448114273718;-0.70475323369;0.377299747009;-0.647614952712;1.44963580812;0.716366015218;-0.677175020589;-0.163954011993;
1.18618414478;0.55807357487;0.793312977951;-0.155411053235;-0.905261235334;-0.0758066877908;-0.575050862732;0.295674082723;-0.536558181182;0.366754086145;-1.06572728508;-0.238922339445;1.50491170809;-0.248805910956;0.243522415155;1.0905992942;
0.394360793119;-1.24790672414;-2.1312056157;-0.33372072548;-0.0769847475963;1.82149824334;-0.0617907051106;1.67810297417;-0.542728728778;-0.771746480008;1.16545252202;-1.09595490015;-0.545488036801;1.07146559112;-0.427741254926;-0.616641040125;
-0.795851871957;0.215335315019;0.0904501504769;1.14161222552;1.14383458829;-0.760590876689;-0.499523476045;0.340650158296;-0.366096462728;-1.52850904033;0.265319447462;-0.915906189423;0.178777836499;0.349836307131;0.586092201279;-1.30048615983;
-1.20746294976;-0.521671797821;0.572086049236;0.162834892103;-1.59991896823;-0.245994269108;-1.79083546004;-1.05203359523;-0.792909184376;0.32392435873;0.96467914372;-0.642851917806;-0.642111013926;-0.836781812932;-0.0332882912733;-0.165988064988;
0.241927622964;-2.14537571774;-1.93892729022;0.34378955492;1.91829423901;-1.45379918269;0.299175818969;-0.931861500029;0.353437108204;1.47824375582;-0.176563816805;-1.68094794582;-0.385539853604;-1.05155902416;-1.87270420832;2.32787452378;
1.35384575067;-1.24003398796;-0.437570851964;1.0093873409;0.204475653019;-1.43747294891;-0.163547530224;1.64251871199;1.44639668229;0.274266773759;-1.13479479807;0.146727676146;0.170791068001;0.627398589192;-0.393414870965;1.20026054557;
-1.32384757632;0.480000872928;1.38889754478;-0.314354171755;0.744327512837;-2.01359906305;0.659737750824;1.05142125709;1.29186470252;0.471628257263;-0.151876335221;-1.10648688129;-1.97640653892;1.1679208482;0.318030704809;-0.261662830913;
-0.169791151505;2.03443603697;0.46637833034;0.480381846011;2.05533816432;-0.99382573551;-1.52694656807;-1.08913088746;1.49215340794;0.140825216879;0.0292585334208;0.0693273359783;-0.0758485926483;-0.178491471926;-0.310655972929;-0.832754678473;
1.41448272787;-1.38907378013;1.76117039445;2.10394073944;0.463965270773;1.09471819289;-0.45715710853;1.35552928834;0.153305813856;0.826101702133;0.397085173246;-0.0710830750886;-0.849594529083;1.15178445902;-0.523176862755;-0.360181223455;
-0.0395772403086;1.14907821411;0.203901191974;-2.77421614235;0.183069210518;0.141935896797;-1.1308746453;-1.86437050452;0.0563103192915;0.887196741946;0.3007203682;1.54701631378;0.516615856568;-0.450068790818;-0.771451962709;1.36645955896;
-0.39881882989;0.0211519433887;-1.22631439033;-0.306860728352;-0.74392342488;0.936768488645;-0.992155994953;-0.467323215616;-0.320639880734;1.21503810338;1.45947671506;0.997820942436;1.30328828242;0.121298712357;1.11506718845;0.345542521177;
-0.862097764215;-0.251889569179;0.439979194296;0.00718174287684;0.40005433439;0.895067291338;-0.707746075332;-1.77651797008;-0.692956945744;-1.1301446328;0.94833081974;0.605871860323;0.0545134668405;0.97156072979;0.567777962097;0.0148749121609;
1.24088191261;0.26600428923;-0.739808528573;-0.99716846013;1.79157624464;0.368807842531;-1.22120846251;-0.974335799401;1.59297940206;0.574378981195;-0.227299959835;-1.06804640427;0.643098451637;0.398690124735;1.40285453047;1.15248579174;
1.9196564428;0.241787448375;-0.435363035761;1.90456519391;0.497422238708;3.32917762814;1.90793896479;1.2658949139;0.484331378887;-0.0588507533797;-1.44014148311;-0.169514392804;0.714553264194;1.40359303648;0.0752844388211;-1.85228627762;
0.569997305649;-0.680689118642;-1.44509574381;0.601051339181;-1.17135265831;-0.703598349825;1.12287735129;1.22796847775;-1.16794551802;0.183557700328;-1.10476297359;-1.04501210641;-0.140880380124;-1.26880182429;-0.871939602902;-0.270220906341;
0.300901406124;-0.27583493139;-0.00171832296997;0.456202004483;-0.337286799513;-0.496708556226;0.560574770905;0.712988777016;-1.03803247035;1.11664921813;0.354096309879;-0.390948651135;-1.13073428521;-0.855711880238;0.87526158772;0.45699512777;
-0.530252731908;1.02646856879;-0.572039971744;-0.662118915624;-1.54104664399;-0.732391419304;0.483395994081;0.788617555998;1.12323825664;-0.172296335278;-0.222299800173;0.38814501136;-1.05479833468;-0.513922244632;0.40014259232;1.27789103234;
0.855335031462;-0.422219250933;0.160806083558;-0.718738408301;-0.384792029784;-0.176374270595;-0.339956731336;0.379794276027;0.206833989707;0.31818457994;0.987904158884;-0.808739636046;-0.0998313338025;0.540712093029;-0.106474028646;0.91327315187;
1.80083309734;-1.58209456892;-1.07299219216;-1.1682451392;-1.57045597793;-0.026959669206;-1.01382361143;2.04305717037;0.90679126992;-0.0906680905807;-2.22825342543;0.740805606232;-1.41289482335;0.19758255473;0.701552416012;0.561534110778;
-2.45200716217;-1.25592685918;-0.751976657507;-2.35969063769;0.171773547082;0.077207029411;-0.579598465196;-1.05310893991;0.858946329142;0.800592211809;-0.813539966981;-0.653960854351;1.28029840613;0.611383461337;1.56792593422;0.854421397681;
0.515168690573;0.396307952037;-0.433960070329;0.0283116226279;0.286284011833;-0.315442185124;0.514210722595;2.61623643392;0.030544449869;-0.207692903697;0.362713702672;2.53284597845;0.560788571883;-0.834312231577;-0.494412990505;0.11013896018;
-0.388794036606;-0.957872014348;1.54824061754;0.549446461667;1.29471036569;-0.133423003606;-0.106966166705;-0.314180342632;-0.998748025489;0.914012840383;-0.124420723091;-4.33603528238;-0.187964185198;-0.30343931567;-0.538257872176;-0.458678556228;
-1.75225089668;0.397599579272;-0.780273269336;0.94935311925;-1.5329842776;1.29834123783;-0.231623483318;-0.107284910767;-1.88254851596;0.179520636707;-0.224222284737;-1.32312258542;-0.970427971924;-0.660185217278;0.355266454152;1.74758424614;
0.607851593714;0.831695106276;0.0479643547307;-2.0520534022;-0.0169792413903;-0.451264022627;0.559913837148;-0.666737431173;-0.0121384259759;1.02728914152;0.674717902279;0.756032012551;2.03902655401;0.451614444018;-0.738221259884;-1.33874409641;
-0.151980980585;1.59404353486;0.726842301529;2.31080210021;-0.696848302294;-0.487677644065;0.0975254382805;-0.105795879229;-0.861202298906;-0.297333189224;-0.26654299479;0.625045851193;-0.00277378080544;-0.197779099502;-0.697520784647;1.25697476757;
-1.50779979544;0.405033260697;0.600879885609;3.54654994493;-0.945670200882;0.412475469857;1.45662037173;-0.0887021025016;1.27316789743;0.16639482398;-2.1635414513;-1.14777117821;0.563227109681;-1.27986326518;2.50701945739;0.980426837064;
0.710917500961;-0.036280549762;-0.291520047896;1.51622125911;-0.275742639428;-0.457285815793;-1.11275581524;0.0720125618083;0.217395501395;1.77141597682;0.311492676412;0.651170306569;-2.03886642289;-1.03608676688;-1.11665803736;0.241893053775;
-1.63688288916;0.0869033390441;-1.14398881534;-0.192967683543;1.14058231309;-1.40119585726;0.340711711381;0.718357090343;0.639588017076;-1.01540843898;-0.68582997519;-0.0330182570537;-0.120038322983;-0.422029677475;-0.750487798686;1.14676814352;
